q1 = 0
q2 = 0
q3 = 0
H = [[0.7071067, 0.7071067], [0.7071067, -0.7071067]]
UROT = [[1,0,0,0],[0,1,0,0],[0,0,1,0],[0,0,0,]]